1.694232821464538574e-01 2.417881637811660767e-01 2.032328397035598755e-01 1.777850389480590820e-01 1.936475634574890137e-01 1.412313897162675858e-02 0.000000000000000000e+00 0.000000000000000000e+00 0.000000000000000000e+00
8.815324306488037109e-02 1.058945432305335999e-01 6.174720823764801025e-02 9.974677115678787231e-02 2.408558726310729980e-01 9.008489549160003662e-02 2.870176434516906738e-01 2.649990655481815338e-02 0.000000000000000000e+00
1.641195863485336304e-01 1.231141686439514160e-01 1.988766938447952271e-01 1.143468916416168213e-02 1.115372404456138611e-02 3.969726711511611938e-02 1.995304971933364868e-01 2.126262336969375610e-01 3.944708406925201416e-02
4.100376740097999573e-02 9.726583957672119141e-02 3.421432338654994965e-03 4.588570892810821533e-01 1.782073676586151123e-01 1.900940686464309692e-01 6.498918402940034866e-03 2.465155906975269318e-02 0.000000000000000000e+00
3.113334476947784424e-01 1.748834401369094849e-01 2.052194029092788696e-01 1.630837023258209229e-01 1.440688520669937134e-01 0.000000000000000000e+00 0.000000000000000000e+00 1.411128556355834007e-03 0.000000000000000000e+00
0.000000000000000000e+00 4.063945114612579346e-01 5.396923422813415527e-01 4.523094370961189270e-02 0.000000000000000000e+00 0.000000000000000000e+00 4.353323020040988922e-03 4.328895825892686844e-03 0.000000000000000000e+00
5.772147327661514282e-02 1.860407739877700806e-01 2.617209851741790771e-01 3.492973148822784424e-01 1.470691524446010590e-02 6.513123959302902222e-02 2.810339070856571198e-02 3.727787733078002930e-02 0.000000000000000000e+00
1.155431661754846573e-02 8.771515637636184692e-02 0.000000000000000000e+00 4.859232306480407715e-01 3.234305083751678467e-01 8.935993164777755737e-02 2.016807207837700844e-03 0.000000000000000000e+00 0.000000000000000000e+00
3.847095966339111328e-01 1.478857398033142090e-01 2.114641815423965454e-01 7.736454904079437256e-02 2.348588407039642334e-02 0.000000000000000000e+00 0.000000000000000000e+00 1.550900191068649292e-01 0.000000000000000000e+00
1.185408141463994980e-02 1.395048797130584717e-01 1.386041641235351562e-01 3.036370575428009033e-01 1.516331732273101807e-01 2.265930324792861938e-01 3.419326851144433022e-03 2.342212758958339691e-02 1.332143554463982582e-03
6.630402803421020508e-01 8.841115236282348633e-02 4.345078393816947937e-02 6.910624355077743530e-02 5.847891420125961304e-02 0.000000000000000000e+00 3.700752183794975281e-02 4.050508886575698853e-02 0.000000000000000000e+00
5.045443400740623474e-02 7.873094081878662109e-02 1.356731802225112915e-01 2.893443405628204346e-01 2.241104990243911743e-01 1.269553303718566895e-01 8.265992254018783569e-02 1.207140181213617325e-02 0.000000000000000000e+00
1.570065878331661224e-02 1.631292402744293213e-01 2.304573059082031250e-01 2.104733139276504517e-01 2.018431872129440308e-01 1.535345464944839478e-01 2.367980632698163390e-04 2.462490275502204895e-02 0.000000000000000000e+00
0.000000000000000000e+00 0.000000000000000000e+00 5.511239171028137207e-02 3.268449008464813232e-02 1.191641390323638916e-02 1.829460859298706055e-01 6.753672361373901367e-01 7.487353403121232986e-03 3.448601812124252319e-02
1.402792036533355713e-01 4.829576313495635986e-01 1.689690351486206055e-01 1.858931630849838257e-01 0.000000000000000000e+00 0.000000000000000000e+00 9.694669395685195923e-03 1.220626663416624069e-02 0.000000000000000000e+00
1.657991409301757812e-01 4.941496998071670532e-02 2.619958519935607910e-01 1.736162900924682617e-01 1.977016478776931763e-01 8.906416594982147217e-03 6.626617908477783203e-02 7.629942893981933594e-02 0.000000000000000000e+00
0.000000000000000000e+00 0.000000000000000000e+00 3.266612300649285316e-03 5.890800431370735168e-02 1.542960703372955322e-01 6.055527329444885254e-01 1.779765486717224121e-01 0.000000000000000000e+00 0.000000000000000000e+00
3.111821115016937256e-01 2.204486727714538574e-01 3.128161728382110596e-01 0.000000000000000000e+00 0.000000000000000000e+00 0.000000000000000000e+00 7.434146851301193237e-02 8.121165633201599121e-02 0.000000000000000000e+00
4.445895552635192871e-02 1.155059412121772766e-01 1.280112117528915405e-01 1.771328896284103394e-01 3.140562772750854492e-01 2.185826152563095093e-01 0.000000000000000000e+00 2.252073027193546295e-03 0.000000000000000000e+00
4.206412732601165771e-01 3.953833878040313721e-02 2.376603893935680389e-02 2.401338145136833191e-02 2.439479529857635498e-02 5.099500343203544617e-02 1.613809466361999512e-01 1.922353804111480713e-01 6.303476542234420776e-02
7.181896269321441650e-02 9.307318925857543945e-02 1.494097113609313965e-01 1.960149854421615601e-01 4.262019395828247070e-01 4.777049645781517029e-02 0.000000000000000000e+00 1.571070961654186249e-02 0.000000000000000000e+00
1.600235402584075928e-01 1.660360544919967651e-01 2.059767693281173706e-01 1.916612386703491211e-01 2.335320562124252319e-01 0.000000000000000000e+00 1.156546827405691147e-02 2.892588637769222260e-02 2.278923522680997849e-03
3.123397231101989746e-01 2.867480516433715820e-01 2.458534687757492065e-01 8.694980060681700706e-04 3.109885728918015957e-04 4.706458654254674911e-03 7.029185444116592407e-02 7.887996733188629150e-02 0.000000000000000000e+00
9.000898152589797974e-02 9.370968490839004517e-02 1.028817743062973022e-01 1.010274812579154968e-01 2.793824076652526855e-01 2.734442055225372314e-01 1.682878658175468445e-02 4.271674156188964844e-02 0.000000000000000000e+00
3.339940309524536133e-01 8.256383985280990601e-02 5.560678988695144653e-02 5.452850833535194397e-02 4.183951765298843384e-02 6.626670807600021362e-02 1.804772466421127319e-01 1.847233474254608154e-01 0.000000000000000000e+00
4.335084557533264160e-01 3.625989556312561035e-01 9.169699624180793762e-03 8.082440122961997986e-03 7.464263122528791428e-03 1.922076009213924408e-02 7.309734821319580078e-02 8.685806393623352051e-02 0.000000000000000000e+00
7.513198256492614746e-01 2.132335305213928223e-01 0.000000000000000000e+00 0.000000000000000000e+00 0.000000000000000000e+00 0.000000000000000000e+00 1.403506845235824585e-02 2.141159027814865112e-02 0.000000000000000000e+00
5.588934421539306641e-01 6.478931172750890255e-04 1.322441312368027866e-05 1.559449447086080909e-05 4.167919687461107969e-04 1.453557144850492477e-02 1.716665178537368774e-01 2.158929258584976196e-01 3.791799768805503845e-02
2.089003920555114746e-01 2.901273369789123535e-01 1.235133633017539978e-01 9.798029810190200806e-02 5.844194814562797546e-02 4.191208258271217346e-02 8.285403996706008911e-02 9.627059847116470337e-02 0.000000000000000000e+00
5.377362966537475586e-01 3.256683051586151123e-01 0.000000000000000000e+00 0.000000000000000000e+00 0.000000000000000000e+00 0.000000000000000000e+00 6.324966996908187866e-02 7.334573566913604736e-02 0.000000000000000000e+00
2.441218867897987366e-02 2.767287008464336395e-02 2.200921922922134399e-01 1.152754575014114380e-01 1.239381060004234314e-01 4.786383509635925293e-01 9.970863349735736847e-03 0.000000000000000000e+00 0.000000000000000000e+00
2.546158432960510254e-01 1.877353787422180176e-01 1.531980782747268677e-01 2.829252779483795166e-01 1.188833788037300110e-01 0.000000000000000000e+00 1.117763094953261316e-04 2.530293073505163193e-03 0.000000000000000000e+00
1.133751720190048218e-01 2.066546529531478882e-01 1.086050644516944885e-01 3.933813273906707764e-01 9.122214466333389282e-02 4.188011586666107178e-02 4.405034705996513367e-02 8.312608697451651096e-04 0.000000000000000000e+00
0.000000000000000000e+00 9.831492602825164795e-02 3.170861899852752686e-01 5.845988392829895020e-01 0.000000000000000000e+00 0.000000000000000000e+00 0.000000000000000000e+00 0.000000000000000000e+00 0.000000000000000000e+00
2.666254639625549316e-01 1.567518115043640137e-01 2.155002439394593239e-03 9.966168552637100220e-02 6.932195276021957397e-02 8.200062811374664307e-02 1.648924350738525391e-01 1.585909873247146606e-01 0.000000000000000000e+00
1.688827946782112122e-02 1.015799641609191895e-01 2.575962841510772705e-01 3.085685074329376221e-01 2.498168349266052246e-01 5.289006233215332031e-02 1.266004424542188644e-02 0.000000000000000000e+00 0.000000000000000000e+00
1.240505576133728027e-01 2.392106056213378906e-01 1.758243292570114136e-01 3.133954107761383057e-01 1.443759799003601074e-01 0.000000000000000000e+00 2.696048468351364136e-04 2.873529680073261261e-03 0.000000000000000000e+00
1.277951300144195557e-01 1.042193993926048279e-01 5.716480314731597900e-02 8.579784631729125977e-02 1.255212277173995972e-01 2.036141306161880493e-01 2.825233638286590576e-01 1.336407195776700974e-02 0.000000000000000000e+00
2.257282882928848267e-01 3.180937767028808594e-01 4.011662900447845459e-01 5.500707030296325684e-02 0.000000000000000000e+00 0.000000000000000000e+00 0.000000000000000000e+00 4.564496521197725087e-06 0.000000000000000000e+00
2.251823544502258301e-01 3.979715108871459961e-01 1.734974831342697144e-01 8.883288502693176270e-02 7.933485507965087891e-02 0.000000000000000000e+00 1.174664963036775589e-02 2.343427762389183044e-02 0.000000000000000000e+00
6.197018027305603027e-01 7.386316079646348953e-03 4.648392088711261749e-03 2.945868531242012978e-03 5.822419654577970505e-03 1.829103194177150726e-02 1.328556388616561890e-01 1.682886332273483276e-01 4.005986824631690979e-02
3.023235797882080078e-01 2.804625034332275391e-01 1.798065453767776489e-01 4.522115341387689114e-04 3.959051147103309631e-02 2.958151453640311956e-04 9.738738089799880981e-02 9.968148171901702881e-02 0.000000000000000000e+00
0.000000000000000000e+00 2.346970736980438232e-01 9.735892713069915771e-02 4.302743375301361084e-01 1.221853960305452347e-02 4.057482630014419556e-02 9.561443328857421875e-02 8.926173299551010132e-02 0.000000000000000000e+00
2.176772207021713257e-01 2.065049707889556885e-01 2.487489283084869385e-01 3.153546154499053955e-01 0.000000000000000000e+00 0.000000000000000000e+00 2.525606891140341759e-03 9.188706055283546448e-03 0.000000000000000000e+00
1.178681552410125732e-01 2.176553457975387573e-01 7.155183702707290649e-02 2.542536556720733643e-01 1.171327084302902222e-01 1.216552630066871643e-01 7.286654412746429443e-02 2.701644599437713623e-02 0.000000000000000000e+00
3.227638006210327148e-01 5.047163367271423340e-01 3.804122796282172203e-03 3.122701775282621384e-03 2.551083918660879135e-03 8.706687949597835541e-03 7.427575439214706421e-02 8.005950599908828735e-02 0.000000000000000000e+00
1.997965723276138306e-01 4.257462918758392334e-01 2.954395115375518799e-01 0.000000000000000000e+00 0.000000000000000000e+00 0.000000000000000000e+00 3.832229599356651306e-02 4.069526866078376770e-02 0.000000000000000000e+00
4.085126519203186035e-01 3.426059484481811523e-01 2.021061033010482788e-01 0.000000000000000000e+00 0.000000000000000000e+00 0.000000000000000000e+00 1.602288335561752319e-02 3.075244650244712830e-02 0.000000000000000000e+00
1.966083943843841553e-01 4.074740409851074219e-01 0.000000000000000000e+00 2.531365898903459311e-04 8.322924841195344925e-04 2.410913072526454926e-02 1.538801938295364380e-01 1.686612963676452637e-01 4.818151891231536865e-02
7.454230636358261108e-02 2.574930191040039062e-01 3.770852386951446533e-01 1.156334504485130310e-01 5.043473094701766968e-02 6.559736561030149460e-03 0.000000000000000000e+00 1.175609230995178223e-01 6.905527552589774132e-04
3.186610043048858643e-01 5.009915828704833984e-01 0.000000000000000000e+00 0.000000000000000000e+00 0.000000000000000000e+00 0.000000000000000000e+00 7.915997505187988281e-02 9.559204429388046265e-02 5.595487542450428009e-03
1.770254075527191162e-01 3.423719704151153564e-01 4.648896865546703339e-03 6.655846256762742996e-03 7.181882858276367188e-03 3.562530875205993652e-02 1.787493675947189331e-01 2.074831426143646240e-01 4.025815427303314209e-02
8.084377050399780273e-01 6.682483479380607605e-03 2.919659484177827835e-03 1.338547444902360439e-03 1.961916219443082809e-03 9.101314470171928406e-03 7.340051233768463135e-02 9.615792334079742432e-02 0.000000000000000000e+00
1.294167190790176392e-01 9.992673993110656738e-02 2.645682096481323242e-01 3.211238384246826172e-01 1.376623362302780151e-01 0.000000000000000000e+00 2.035269513726234436e-02 2.694948390126228333e-02 0.000000000000000000e+00
1.922089233994483948e-02 5.462594702839851379e-02 2.199627012014389038e-01 2.651996314525604248e-01 3.341435194015502930e-01 0.000000000000000000e+00 4.749449342489242554e-02 5.935285612940788269e-02 0.000000000000000000e+00
1.001233160495758057e-01 7.724408805370330811e-02 5.631005391478538513e-02 1.100538820028305054e-01 1.517565846443176270e-01 2.348056584596633911e-01 1.201124861836433411e-01 1.495938748121261597e-01 0.000000000000000000e+00
1.685109734535217285e-01 2.201996594667434692e-01 1.677317544817924500e-03 1.067056437022984028e-04 3.098984807729721069e-02 6.472748704254627228e-03 5.297872424125671387e-01 4.225558415055274963e-02 0.000000000000000000e+00
1.858703792095184326e-02 2.470676749944686890e-01 1.890103816986083984e-01 2.322370558977127075e-01 1.341254413127899170e-01 1.789725124835968018e-01 0.000000000000000000e+00 0.000000000000000000e+00 0.000000000000000000e+00
4.085236191749572754e-01 5.316094756126403809e-01 0.000000000000000000e+00 0.000000000000000000e+00 0.000000000000000000e+00 0.000000000000000000e+00 2.326872758567333221e-02 3.659816086292266846e-02 0.000000000000000000e+00
1.207360255648382008e-04 6.115663051605224609e-02 7.189511507749557495e-02 3.639959096908569336e-01 3.408942222595214844e-01 1.511024534702301025e-01 1.083494257181882858e-02 0.000000000000000000e+00 0.000000000000000000e+00
8.138322085142135620e-02 1.795074939727783203e-01 2.412287443876266479e-01 1.904969811439514160e-01 2.118282765150070190e-01 7.101619988679885864e-02 2.453908883035182953e-02 0.000000000000000000e+00 0.000000000000000000e+00
2.234471440315246582e-01 3.721797466278076172e-01 4.039718508720397949e-01 0.000000000000000000e+00 0.000000000000000000e+00 0.000000000000000000e+00 6.834975010860944167e-06 3.943827468901872635e-04 0.000000000000000000e+00
0.000000000000000000e+00 2.495014071464538574e-01 5.434669256210327148e-01 6.541302055120468140e-02 4.254837706685066223e-02 8.694886416196823120e-02 1.909904995045508258e-06 1.211941521614789963e-02 0.000000000000000000e+00
2.045687101781368256e-02 1.683596372604370117e-01 7.171929478645324707e-01 1.935956970555707812e-04 0.000000000000000000e+00 0.000000000000000000e+00 4.495480656623840332e-02 4.884217306971549988e-02 0.000000000000000000e+00
2.514762282371520996e-01 3.345744907855987549e-01 2.196974605321884155e-01 1.942517906427383423e-01 0.000000000000000000e+00 0.000000000000000000e+00 0.000000000000000000e+00 0.000000000000000000e+00 0.000000000000000000e+00
5.166812613606452942e-02 2.392782717943191528e-01 2.002889066934585571e-01 2.560039460659027100e-01 2.469926327466964722e-01 0.000000000000000000e+00 2.263085450977087021e-03 3.505055094137787819e-03 0.000000000000000000e+00
4.376735985279083252e-01 1.697050034999847412e-01 4.726329818367958069e-02 0.000000000000000000e+00 3.449551463127136230e-01 4.029657575301826000e-04 0.000000000000000000e+00 0.000000000000000000e+00 0.000000000000000000e+00
2.051669405773282051e-03 5.961343273520469666e-02 1.024579480290412903e-01 1.016756892204284668e-01 2.404127269983291626e-01 2.462992221117019653e-01 1.741510033607482910e-01 7.333831489086151123e-02 0.000000000000000000e+00
5.073379874229431152e-01 5.903370305895805359e-02 4.575971513986587524e-02 4.257257282733917236e-02 4.070749133825302124e-02 5.440367013216018677e-02 1.173650026321411133e-01 1.328199505805969238e-01 0.000000000000000000e+00
2.364948689937591553e-01 3.861836791038513184e-01 2.762096822261810303e-01 9.391930699348449707e-02 7.192371878772974014e-03 0.000000000000000000e+00 0.000000000000000000e+00 0.000000000000000000e+00 0.000000000000000000e+00
0.000000000000000000e+00 2.687222063541412354e-01 1.138538047671318054e-01 5.141630023717880249e-02 1.062513738870620728e-01 6.769825238734483719e-03 2.366909682750701904e-01 2.162955552339553833e-01 0.000000000000000000e+00
3.832572698593139648e-01 1.892561316490173340e-01 1.262036561965942383e-01 1.352840065956115723e-01 2.406144049018621445e-04 5.751903634518384933e-03 7.848103344440460205e-02 8.152537792921066284e-02 0.000000000000000000e+00
3.755833208560943604e-01 3.513370752334594727e-01 0.000000000000000000e+00 0.000000000000000000e+00 0.000000000000000000e+00 7.421071175485849380e-03 1.193818524479866028e-01 1.459727883338928223e-01 3.039692819584161043e-04
5.316029787063598633e-01 5.992691218852996826e-02 4.550065100193023682e-02 4.084177687764167786e-02 3.905287757515907288e-02 5.101764202117919922e-02 1.045601963996887207e-01 1.274794638156890869e-01 1.754884215188212693e-05
3.418131172657012939e-01 2.056895047426223755e-01 5.136535316705703735e-02 1.673273183405399323e-02 6.203754618763923645e-02 2.059263736009597778e-01 1.420985814183950424e-02 1.008465886116027832e-01 1.378964283503592014e-03
4.294113218784332275e-01 4.908063709735870361e-01 0.000000000000000000e+00 0.000000000000000000e+00 0.000000000000000000e+00 0.000000000000000000e+00 3.437943011522293091e-02 4.540294408798217773e-02 0.000000000000000000e+00
7.556406259536743164e-01 0.000000000000000000e+00 0.000000000000000000e+00 0.000000000000000000e+00 0.000000000000000000e+00 2.302818938915152103e-05 1.078329235315322876e-01 1.365034729242324829e-01 0.000000000000000000e+00
9.182558953762054443e-02 3.357049077749252319e-02 1.471900939941406250e-01 1.793192774057388306e-01 5.053966045379638672e-01 2.754111960530281067e-02 0.000000000000000000e+00 1.515687722712755203e-02 0.000000000000000000e+00
1.559787988662719727e-01 1.397974789142608643e-01 3.336505219340324402e-02 4.802167415618896484e-02 8.508456498384475708e-02 1.142067015171051025e-01 2.125547826290130615e-01 2.109909653663635254e-01 0.000000000000000000e+00
3.605827689170837402e-01 2.705903351306915283e-01 3.293668329715728760e-01 0.000000000000000000e+00 0.000000000000000000e+00 0.000000000000000000e+00 9.898744523525238037e-03 2.628370188176631927e-02 3.277701558545231819e-03
1.894739270210266113e-02 3.172283768653869629e-01 1.321106702089309692e-01 8.248766511678695679e-02 1.798329502344131470e-01 0.000000000000000000e+00 1.406261622905731201e-01 1.287668198347091675e-01 0.000000000000000000e+00
5.935598909854888916e-02 5.359363555908203125e-02 2.252585068345069885e-02 3.306350111961364746e-02 3.080623596906661987e-02 1.182700246572494507e-01 3.504462540149688721e-01 3.319385051727294922e-01 0.000000000000000000e+00
2.281016111373901367e-01 2.873997986316680908e-01 4.624289572238922119e-01 0.000000000000000000e+00 0.000000000000000000e+00 0.000000000000000000e+00 8.281405083835124969e-03 1.378831360489130020e-02 0.000000000000000000e+00
4.324122667312622070e-01 4.055975079536437988e-01 0.000000000000000000e+00 0.000000000000000000e+00 0.000000000000000000e+00 0.000000000000000000e+00 6.197465583682060242e-02 8.533593267202377319e-02 1.467963214963674545e-02
3.989821299910545349e-02 1.013261638581752777e-02 6.240344420075416565e-02 2.776603400707244873e-01 3.699158430099487305e-01 2.399895042181015015e-01 0.000000000000000000e+00 0.000000000000000000e+00 0.000000000000000000e+00
2.551288604736328125e-01 4.062363207340240479e-01 2.709459364414215088e-01 0.000000000000000000e+00 0.000000000000000000e+00 0.000000000000000000e+00 3.143185377120971680e-02 3.625705838203430176e-02 0.000000000000000000e+00
5.012787580490112305e-01 5.389015004038810730e-02 3.910701349377632141e-02 3.669779002666473389e-02 3.513384610414505005e-02 5.514954030513763428e-02 1.279676556587219238e-01 1.496507525444030762e-01 1.124484231695532799e-03
3.037115037441253662e-01 6.160342097282409668e-01 0.000000000000000000e+00 0.000000000000000000e+00 0.000000000000000000e+00 0.000000000000000000e+00 3.125254437327384949e-02 4.779825732111930847e-02 1.203496358357369900e-03
1.364015787839889526e-01 1.115926448255777359e-02 5.302636027336120605e-01 2.684499323368072510e-01 0.000000000000000000e+00 0.000000000000000000e+00 2.810942754149436951e-02 2.561615966260433197e-02 0.000000000000000000e+00
0.000000000000000000e+00 2.597534842789173126e-02 5.991937965154647827e-02 1.013217270374298096e-01 2.641200721263885498e-01 3.247655332088470459e-01 2.209235429763793945e-01 2.974381670355796814e-03 0.000000000000000000e+00
1.114154756069183350e-01 2.840688824653625488e-01 2.015578150749206543e-01 1.828315705060958862e-01 1.890521310269832611e-02 2.933733351528644562e-02 8.387479186058044434e-02 8.800895512104034424e-02 0.000000000000000000e+00
2.350307852029800415e-01 1.224305331707000732e-01 1.607859283685684204e-01 3.897030651569366455e-02 3.091605193912982941e-02 5.396461114287376404e-02 1.760240793228149414e-01 1.818776279687881470e-01 0.000000000000000000e+00
1.406485140323638916e-01 1.523439884185791016e-01 1.577737927436828613e-01 1.351662874221801758e-01 1.182079985737800598e-01 8.778560161590576172e-02 7.718329131603240967e-02 1.308905035257339478e-01 0.000000000000000000e+00
2.786644399166107178e-01 1.808534711599349976e-01 2.306193560361862183e-01 1.858900189399719238e-01 4.793462343513965607e-03 1.074173115193843842e-02 5.409163609147071838e-02 5.434589833021163940e-02 0.000000000000000000e+00
1.658833920955657959e-01 8.016494661569595337e-02 1.534554511308670044e-01 6.899420917034149170e-02 5.514029413461685181e-02 8.761227875947952271e-02 2.068608403205871582e-01 1.818885058164596558e-01 0.000000000000000000e+00
8.837208151817321777e-02 3.110047876834869385e-01 3.285363912582397461e-01 0.000000000000000000e+00 0.000000000000000000e+00 2.998380223289132118e-03 6.846787035465240479e-02 1.018227487802505493e-01 9.879769384860992432e-02
4.243320524692535400e-01 2.297411262989044189e-01 2.234048843383789062e-01 0.000000000000000000e+00 0.000000000000000000e+00 0.000000000000000000e+00 4.987825453281402588e-02 6.778117269277572632e-02 4.862477537244558334e-03
4.657297134399414062e-01 4.680054783821105957e-01 0.000000000000000000e+00 0.000000000000000000e+00 0.000000000000000000e+00 0.000000000000000000e+00 2.472719922661781311e-02 4.149827733635902405e-02 3.926571298507042229e-05
7.702867388725280762e-01 1.446533482521772385e-02 8.403657004237174988e-03 6.061084568500518799e-03 7.142035756260156631e-03 1.771089062094688416e-02 7.668505609035491943e-02 9.924516826868057251e-02 0.000000000000000000e+00
2.091981470584869385e-01 1.706400960683822632e-01 2.613466084003448486e-01 2.771650850772857666e-01 0.000000000000000000e+00 8.229439845308661461e-04 3.716004267334938049e-02 4.366709291934967041e-02 0.000000000000000000e+00
