1.577346473932266235e-01 1.851436942815780640e-01 1.705997437238693237e-01 1.609323918819427490e-01 1.669678241014480591e-01 8.782749623060226440e-02 4.691147059202194214e-02 1.012835651636123657e-02 1.375439483672380447e-02
1.100408360362052917e-01 1.164972931146621704e-01 9.988494217395782471e-02 1.142847910523414612e-01 1.621595323085784912e-01 1.107551753520965576e-01 1.774199903011322021e-01 8.415118604898452759e-02 2.480625733733177185e-02
1.313746720552444458e-01 1.178688183426856995e-01 1.425555348396301270e-01 7.236233353614807129e-02 7.217127084732055664e-02 8.703437447547912598e-02 1.427645087242126465e-01 1.469434797763824463e-01 8.692499250173568726e-02
9.175969660282135010e-02 1.141981184482574463e-01 6.879777461290359497e-02 2.372146099805831909e-01 1.423768997192382812e-01 1.463763415813446045e-01 7.191012799739837646e-02 8.378061652183532715e-02 4.358578845858573914e-02
1.988529562950134277e-01 1.503553837537765503e-01 1.611995995044708252e-01 1.461002230644226074e-01 1.391772627830505371e-01 3.721981868147850037e-02 6.379535794258117676e-02 7.022822648286819458e-02 3.307113796472549438e-02
6.360493600368499756e-02 2.459211647510528564e-01 2.986596226692199707e-01 1.051492467522621155e-01 5.860811471939086914e-02 5.426426604390144348e-02 7.841292023658752441e-02 7.838384807109832764e-02 1.699586212635040283e-02
9.678452461957931519e-02 1.418301463127136230e-01 1.665265411138534546e-01 1.951969414949417114e-01 7.628873735666275024e-02 9.972313046455383301e-02 8.370197564363479614e-02 8.806990832090377808e-02 5.187814682722091675e-02
8.312457799911499023e-02 1.212304532527923584e-01 5.092462152242660522e-02 2.702972888946533203e-01 2.090926617383956909e-01 1.219024434685707092e-01 7.334512472152709961e-02 5.851076915860176086e-02 1.157202757894992828e-02
2.208005785942077637e-01 1.378104239702224731e-01 1.602067798376083374e-01 1.113914251327514648e-01 8.677016943693161011e-02 4.185181856155395508e-02 5.315456166863441467e-02 1.403851956129074097e-01 4.762896895408630371e-02
7.401514053344726562e-02 1.256529688835144043e-01 1.253498345613479614e-01 1.792142987251281738e-01 1.297122985124588013e-01 1.542465984821319580e-01 6.691792607307434082e-02 8.085056394338607788e-02 6.404038518667221069e-02
3.242962062358856201e-01 1.153293475508689880e-01 9.654493629932403564e-02 1.076486781239509583e-01 1.032093912363052368e-01 3.506193682551383972e-02 9.349036216735839844e-02 9.516660124063491821e-02 2.925252728164196014e-02
9.426639974117279053e-02 1.054317951202392578e-01 1.256575435400009155e-01 1.763901561498641968e-01 1.550410389900207520e-01 1.226701885461807251e-01 1.069002673029899597e-01 7.493517547845840454e-02 3.870735317468643188e-02
8.062269538640975952e-02 1.407465934753417969e-01 1.639063507318496704e-01 1.570749878883361816e-01 1.541174650192260742e-01 1.373930126428604126e-01 6.471235305070877075e-02 8.588610589504241943e-02 1.554037444293498993e-02
3.653128817677497864e-02 5.351956561207771301e-02 1.007503494620323181e-01 9.044139832258224487e-02 7.837066799402236938e-02 1.482009440660476685e-01 3.259485661983489990e-01 7.490226626396179199e-02 9.133493155241012573e-02
1.387067288160324097e-01 2.632719576358795166e-01 1.492169350385665894e-01 1.553360968828201294e-01 4.567636549472808838e-02 5.164253339171409607e-02 7.985460013151168823e-02 8.179763704538345337e-02 3.449709713459014893e-02
1.382037997245788574e-01 9.548316895961761475e-02 1.703867912292480469e-01 1.408515274524688721e-01 1.489534080028533936e-01 7.392921298742294312e-02 1.024325788021087646e-01 1.063576489686965942e-01 2.340183965861797333e-02
2.362303063273429871e-02 5.546628311276435852e-02 7.680743932723999023e-02 1.113203763961791992e-01 1.502955704927444458e-01 3.248418867588043213e-01 1.592918932437896729e-01 6.104065850377082825e-02 3.731287270784378052e-02
1.948130279779434204e-01 1.632700413465499878e-01 1.953837573528289795e-01 5.231587216258049011e-02 5.202931910753250122e-02 6.187141314148902893e-02 1.101319119334220886e-01 1.128793433308601379e-01 5.730536580085754395e-02
9.641151130199432373e-02 1.247913464903831482e-01 1.293462514877319336e-01 1.467401087284088135e-01 1.939759850502014160e-01 1.610921025276184082e-01 3.549515083432197571e-02 6.953509896993637085e-02 4.261246696114540100e-02
2.139892429113388062e-01 8.704919368028640747e-02 7.960788905620574951e-02 7.973538339138031006e-02 7.993109524250030518e-02 9.187508374452590942e-02 1.306122988462448120e-01 1.405666321516036987e-01 9.663324803113937378e-02
1.102947071194648743e-01 1.187870949506759644e-01 1.398046165704727173e-01 1.564359068870544434e-01 2.381397485733032227e-01 9.991341829299926758e-02 2.897814847528934479e-02 8.291860669851303101e-02 2.472771331667900085e-02
1.352557837963104248e-01 1.372850239276885986e-01 1.506263464689254761e-01 1.458664685487747192e-01 1.597502976655960083e-01 4.361057281494140625e-02 7.535382360219955444e-02 8.539274334907531738e-02 6.685893982648849487e-02
1.936413645744323730e-01 1.847932636737823486e-01 1.707042902708053589e-01 6.717055290937423706e-02 6.559701263904571533e-02 7.263651490211486816e-02 1.076099127531051636e-01 1.110490560531616211e-01 2.679801173508167267e-02
1.077441424131393433e-01 1.090678423643112183e-01 1.123066544532775879e-01 1.116563454270362854e-01 1.701809167861938477e-01 1.682695597410202026e-01 7.664474099874496460e-02 8.939724415540695190e-02 5.473251268267631531e-02
1.921361237764358521e-01 1.074513420462608337e-01 9.692925959825515747e-02 9.648489207029342651e-02 9.105409681797027588e-02 1.012108623981475830e-01 1.414592862129211426e-01 1.428719460964202881e-01 3.040211275219917297e-02
2.307854741811752319e-01 2.062286138534545898e-01 7.490183413028717041e-02 7.402967661619186401e-02 7.351233810186386108e-02 8.160897344350814819e-02 1.062071844935417175e-01 1.115078777074813843e-01 4.121800139546394348e-02
3.954694569110870361e-01 1.759224981069564819e-01 4.619004204869270325e-02 4.671813920140266418e-02 4.706569761037826538e-02 5.533169209957122803e-02 8.853860944509506226e-02 9.361150115728378296e-02 5.115229636430740356e-02
2.763234078884124756e-01 6.518933176994323730e-02 6.240599974989891052e-02 6.244500726461410522e-02 6.453575193881988525e-02 7.884749025106430054e-02 1.418884992599487305e-01 1.569102555513381958e-01 9.145428240299224854e-02
1.485289931297302246e-01 1.748515218496322632e-01 1.202480942010879517e-01 1.113528236746788025e-01 9.655985981225967407e-02 8.966822177171707153e-02 1.058851853013038635e-01 1.107436195015907288e-01 4.216168448328971863e-02
2.847330868244171143e-01 2.056733518838882446e-01 5.466461554169654846e-02 5.581244826316833496e-02 5.534629151225090027e-02 6.476610153913497925e-02 1.086282879114151001e-01 1.129099279642105103e-01 5.746588855981826782e-02
8.729775995016098022e-02 8.908046036958694458e-02 1.632228791713714600e-01 1.259495764970779419e-01 1.291447281837463379e-01 2.548081278800964355e-01 7.798723876476287842e-02 5.388998612761497498e-02 1.861924119293689728e-02
1.763817071914672852e-01 1.529375910758972168e-01 1.406495869159698486e-01 1.862845867872238159e-01 1.281306445598602295e-01 3.588813543319702148e-02 6.566760689020156860e-02 7.109840959310531616e-02 4.296170547604560852e-02
1.195409744977951050e-01 1.513235718011856079e-01 1.178414821624755859e-01 2.137136757373809814e-01 1.115301251411437988e-01 9.179218858480453491e-02 9.275837987661361694e-02 6.457954645156860352e-02 3.691999986767768860e-02
6.053270399570465088e-02 1.379038989543914795e-01 2.271614670753479004e-01 3.398941457271575928e-01 6.054243445396423340e-02 4.535132646560668945e-02 5.963596329092979431e-02 5.720944702625274658e-02 1.176865957677364349e-02
1.720139384269714355e-01 1.351922303438186646e-01 6.720205396413803101e-02 1.151510328054428101e-01 1.036936640739440918e-01 1.085895076394081116e-01 1.379648298025131226e-01 1.358198523521423340e-01 2.437294088304042816e-02
8.497616648674011230e-02 1.239518746733665466e-01 1.808268725872039795e-01 1.990269124507904053e-01 1.780554056167602539e-01 1.037950143218040466e-01 8.206361532211303711e-02 2.997585013508796692e-02 1.732834801077842712e-02
1.297741830348968506e-01 1.706411689519882202e-01 1.484143286943435669e-01 1.965691447257995605e-01 1.371830850839614868e-01 4.276399314403533936e-02 6.630192697048187256e-02 7.142087817192077637e-02 3.693125396966934204e-02
1.238461658358573914e-01 1.155533120036125183e-01 9.773448854684829712e-02 1.088419482111930847e-01 1.230573877692222595e-01 1.493875235319137573e-01 1.754106581211090088e-01 7.634613662958145142e-02 2.982236444950103760e-02
1.792389154434204102e-01 2.141118049621582031e-01 2.459814250469207764e-01 1.107830479741096497e-01 3.108057007193565369e-02 4.050891846418380737e-02 6.569454818964004517e-02 6.960070878267288208e-02 4.299999400973320007e-02
1.602784693241119385e-01 2.191036194562911987e-01 1.427229791879653931e-01 1.126112788915634155e-01 1.089810281991958618e-01 4.469287768006324768e-02 7.706188410520553589e-02 8.426866680383682251e-02 5.027925223112106323e-02
2.910418808460235596e-01 7.158828526735305786e-02 6.908946484327316284e-02 6.719479709863662720e-02 7.022143900394439697e-02 7.900670915842056274e-02 1.249647289514541626e-01 1.369347125291824341e-01 8.995804190635681152e-02
1.826972067356109619e-01 1.754449456930160522e-01 1.420562416315078735e-01 6.347724050283432007e-02 9.056776016950607300e-02 6.296314299106597900e-02 1.135553121566772461e-01 1.143882647156715393e-01 5.484994500875473022e-02
4.171069338917732239e-02 1.685131043195724487e-01 1.193607375025749207e-01 2.374622374773025513e-01 7.977238297462463379e-02 9.567588567733764648e-02 1.186922565102577209e-01 1.162376105785369873e-01 2.257514744997024536e-02
1.669926792383193970e-01 1.629899144172668457e-01 1.780967116355895996e-01 2.019380480051040649e-01 4.329799860715866089e-02 4.782405868172645569e-02 7.262744754552841187e-02 7.956288009881973267e-02 4.667030647397041321e-02
1.177299991250038147e-01 1.506299376487731934e-01 1.011635661125183105e-01 1.624266803264617920e-01 1.174776777625083923e-01 1.190254688262939453e-01 1.016597300767898560e-01 8.230967074632644653e-02 4.757720232009887695e-02
1.977702230215072632e-01 2.628878653049468994e-01 7.182371616363525391e-02 7.099588960409164429e-02 7.023706287145614624e-02 7.651440799236297607e-02 1.095007359981536865e-01 1.118049100041389465e-01 2.846521325409412384e-02
1.619983762502670288e-01 2.443493455648422241e-01 1.965076029300689697e-01 5.595159530639648438e-02 5.454475060105323792e-02 6.299850344657897949e-02 9.801648557186126709e-02 9.919378906488418579e-02 2.643958292901515961e-02
2.397500276565551758e-01 2.152818292379379272e-01 1.640910059213638306e-01 4.869720339775085449e-02 4.971122741699218750e-02 5.662964656949043274e-02 8.600968122482299805e-02 9.482417255640029907e-02 4.500521346926689148e-02
1.472620218992233276e-01 2.174733877182006836e-01 6.061991676688194275e-02 6.262866407632827759e-02 6.427054107189178467e-02 8.275999873876571655e-02 1.329474300146102905e-01 1.379333287477493286e-01 9.410472959280014038e-02
1.067928150296211243e-01 1.706675440073013306e-01 2.112383991479873657e-01 1.221121996641159058e-01 9.693061560392379761e-02 7.273525744676589966e-02 3.152370825409889221e-02 1.228034496307373047e-01 6.519602984189987183e-02
2.076152861118316650e-01 2.765248417854309082e-01 4.240627959370613098e-02 4.393916204571723938e-02 4.689186438918113708e-02 6.221541762351989746e-02 1.178476884961128235e-01 1.245920434594154358e-01 7.796744257211685181e-02
1.379269063472747803e-01 1.916148364543914795e-01 6.814254075288772583e-02 6.999351829290390015e-02 7.043765485286712646e-02 8.672388643026351929e-02 1.384918242692947388e-01 1.478565186262130737e-01 8.881226181983947754e-02
3.761758804321289062e-01 7.335321605205535889e-02 6.939822435379028320e-02 6.701830774545669556e-02 6.805937737226486206e-02 7.538401335477828979e-02 1.070872694253921509e-01 1.158133968710899353e-01 4.771023988723754883e-02
1.270486265420913696e-01 1.164314746856689453e-01 1.730885058641433716e-01 1.921804845333099365e-01 1.299483031034469604e-01 4.744217544794082642e-02 8.230277895927429199e-02 8.591900765895843506e-02 4.563865810632705688e-02
8.089160174131393433e-02 9.783428907394409180e-02 1.566219329833984375e-01 1.717056930065155029e-01 1.947923749685287476e-01 6.015506759285926819e-02 9.479302167892456055e-02 9.979120641946792603e-02 4.341479763388633728e-02
1.103235036134719849e-01 1.021485403180122375e-01 9.417610615491867065e-02 1.137563660740852356e-01 1.277008801698684692e-01 1.544246971607208252e-01 1.171806380152702332e-01 1.269913464784622192e-01 5.329788848757743835e-02
1.471603661775588989e-01 1.655096858739852905e-01 7.027605175971984863e-02 6.610079109668731689e-02 9.207464754581451416e-02 7.605279237031936646e-02 2.776193022727966309e-01 9.767486900091171265e-02 7.531474810093641281e-03
8.770547062158584595e-02 1.804464310407638550e-01 1.593052744865417480e-01 1.750611662864685059e-01 1.389033943414688110e-01 1.556202322244644165e-01 3.824535384774208069e-02 2.581629529595375061e-02 3.889629989862442017e-02
2.380952388048171997e-01 2.850272357463836670e-01 5.745878815650939941e-02 5.671433359384536743e-02 5.786518752574920654e-02 6.360049545764923096e-02 8.996631950139999390e-02 9.721902757883071899e-02 5.405335128307342529e-02
6.715723127126693726e-02 1.077332198619842529e-01 1.123170703649520874e-01 2.195768356323242188e-01 2.111953943967819214e-01 1.429505497217178345e-01 8.090233802795410156e-02 3.846605122089385986e-02 1.970128156244754791e-02
1.121839582920074463e-01 1.479614228010177612e-01 1.693361848592758179e-01 1.517909765243530273e-01 1.591872572898864746e-01 1.080465838313102722e-01 8.673731982707977295e-02 5.469859391450881958e-02 1.005768217146396637e-02
1.896344870328903198e-01 2.495914399623870850e-01 2.626625895500183105e-01 3.933051973581314087e-02 3.914356976747512817e-02 4.503066092729568481e-02 7.406352460384368896e-02 7.666249573230743408e-02 2.388072758913040161e-02
3.289125487208366394e-02 1.764305233955383301e-01 2.838168144226074219e-01 1.083583831787109375e-01 9.814735502004623413e-02 1.171747818589210510e-01 6.514976918697357178e-02 8.097182214260101318e-02 3.705932572484016418e-02
8.985816687345504761e-02 1.533634513616561890e-01 3.672058284282684326e-01 6.940820813179016113e-02 1.745003275573253632e-02 5.815221741795539856e-02 1.031545624136924744e-01 1.050233542919158936e-01 3.638415783643722534e-02
2.028466612100601196e-01 2.365951538085937500e-01 1.899840384721755981e-01 1.796449273824691772e-01 2.198498696088790894e-02 2.732730098068714142e-02 4.279088973999023438e-02 4.886487871408462524e-02 4.996118694543838501e-02
1.020264253020286560e-01 1.722489744424819946e-01 1.584901362657546997e-01 1.781375557184219360e-01 1.749650835990905762e-01 4.608638584613800049e-02 7.121925055980682373e-02 7.289545983076095581e-02 2.393074706196784973e-02
2.573896944522857666e-01 1.562345623970031738e-01 1.058746203780174255e-01 6.398143619298934937e-02 2.218742668628692627e-01 7.135026156902313232e-02 4.920704662799835205e-02 5.006930232048034668e-02 2.401882037520408630e-02
6.684108078479766846e-02 9.948872774839401245e-02 1.158050596714019775e-01 1.155218407511711121e-01 1.627743989229202271e-01 1.647283881902694702e-01 1.406613439321517944e-01 1.049357280135154724e-01 2.924341149628162384e-02
2.464752942323684692e-01 9.641341865062713623e-02 9.097082167863845825e-02 8.960139006376266479e-02 8.878613263368606567e-02 9.455676376819610596e-02 1.176695153117179871e-01 1.229278817772865295e-01 5.259878188371658325e-02
1.937402039766311646e-01 2.538584768772125244e-01 2.095613181591033936e-01 1.352098882198333740e-01 8.679237216711044312e-02 2.000012062489986420e-02 3.635613247752189636e-02 3.977600857615470886e-02 2.470550127327442169e-02
5.656370148062705994e-02 1.724476963281631470e-01 1.200814247131347656e-01 9.623841941356658936e-02 1.173604503273963928e-01 7.208769023418426514e-02 1.617971658706665039e-01 1.550080776214599609e-01 4.841535538434982300e-02
2.132970541715621948e-01 1.476141661405563354e-01 1.258427798748016357e-01 1.290435343980789185e-01 6.378727406263351440e-02 7.196737080812454224e-02 1.082907319068908691e-01 1.094626337289810181e-01 3.069445490837097168e-02
2.136501371860504150e-01 2.052270025014877319e-01 5.990601703524589539e-02 5.954718962311744690e-02 6.238359957933425903e-02 7.451005280017852783e-02 1.251704543828964233e-01 1.346623450517654419e-01 6.494314968585968018e-02
2.532008290290832520e-01 9.611643105745315552e-02 9.024953097105026245e-02 8.824771642684936523e-02 8.746133744716644287e-02 9.254569560289382935e-02 1.124688461422920227e-01 1.203069239854812622e-01 5.940266698598861694e-02
1.902566999197006226e-01 1.463701277971267700e-01 9.297744929790496826e-02 7.653809338808059692e-02 9.724418818950653076e-02 1.464465707540512085e-01 7.500004768371582031e-02 1.115201637148857117e-01 6.364668160676956177e-02
2.496192455291748047e-01 2.732804417610168457e-01 5.753733590245246887e-02 5.672792345285415649e-02 5.791448429226875305e-02 6.435120850801467896e-02 9.753202646970748901e-02 1.030800938606262207e-01 3.995724767446517944e-02
3.815959990024566650e-01 5.516257509589195251e-02 5.289547517895698547e-02 5.285518243908882141e-02 5.512995645403862000e-02 6.772178411483764648e-02 1.293560713529586792e-01 1.404340416193008423e-01 6.484892219305038452e-02
1.145673021674156189e-01 9.015700221061706543e-02 1.346144676208496094e-01 1.457699537277221680e-01 2.590271234512329102e-01 8.709661662578582764e-02 5.309042334556579590e-02 7.994461804628372192e-02 3.573251515626907349e-02
1.319062113761901855e-01 1.264691054821014404e-01 8.627416193485260010e-02 9.280356019735336304e-02 1.072961986064910889e-01 1.176951304078102112e-01 1.505479067564010620e-01 1.500371694564819336e-01 3.697055950760841370e-02
2.236094176769256592e-01 1.904321312904357910e-01 2.120325416326522827e-01 3.634602949023246765e-02 3.854944556951522827e-02 4.843166843056678772e-02 8.209809660911560059e-02 9.305353462696075439e-02 7.544715702533721924e-02
8.149107545614242554e-02 1.908819079399108887e-01 1.280134022235870361e-01 1.099040582776069641e-01 1.445071101188659668e-01 5.590372532606124878e-02 1.310000270605087280e-01 1.268336325883865356e-01 3.146505728363990784e-02
9.881791472434997559e-02 9.644983708858489990e-02 8.195656538009643555e-02 8.732917159795761108e-02 8.623286336660385132e-02 1.207624524831771851e-01 1.983409076929092407e-01 1.921544075012207031e-01 3.795585781335830688e-02
1.786614507436752319e-01 2.008355855941772461e-01 2.678254842758178711e-01 4.434414580464363098e-02 4.435204342007637024e-02 5.021950230002403259e-02 8.245868980884552002e-02 8.693322539329528809e-02 4.436992853879928589e-02
2.431091070175170898e-01 2.332427799701690674e-01 5.064018443226814270e-02 5.022742599248886108e-02 5.204398185014724731e-02 6.316941231489181519e-02 1.073659583926200867e-01 1.170493066310882568e-01 8.315180987119674683e-02
9.725119173526763916e-02 7.976846396923065186e-02 1.074924021959304810e-01 1.871061921119689941e-01 2.201305627822875977e-01 1.737436950206756592e-01 4.228436946868896484e-02 4.056249558925628662e-02 5.166061967611312866e-02
1.824409663677215576e-01 2.376869320869445801e-01 1.881558150053024292e-01 5.222931504249572754e-02 5.185193195939064026e-02 6.141994521021842957e-02 9.470829367637634277e-02 9.722682088613510132e-02 3.428002819418907166e-02
2.423919588327407837e-01 9.358032792806625366e-02 8.736065775156021118e-02 8.628609031438827515e-02 8.557691425085067749e-02 9.408643841743469238e-02 1.202997416257858276e-01 1.275144368410110474e-01 6.290348619222640991e-02
2.093461453914642334e-01 3.341351449489593506e-01 3.941702842712402344e-02 3.975060209631919861e-02 4.186814650893211365e-02 5.426462739706039429e-02 9.902339428663253784e-02 1.076671704649925232e-01 7.452773302793502808e-02
1.398690640926361084e-01 8.254387229681015015e-02 2.867008149623870850e-01 1.883492916822433472e-01 5.204686149954795837e-02 4.262785986065864563e-02 9.344492852687835693e-02 9.203380346298217773e-02 2.238349802792072296e-02
5.214008316397666931e-02 8.925656229257583618e-02 1.055037304759025574e-01 1.222171038389205933e-01 1.807346493005752563e-01 2.021361887454986572e-01 1.655424684286117554e-01 7.211437821388244629e-02 1.035478711128234863e-02
1.184192523360252380e-01 1.763753592967987061e-01 1.490908861160278320e-01 1.428547501564025879e-01 7.996944338083267212e-02 8.555975556373596191e-02 1.084050983190536499e-01 1.099447682499885559e-01 2.938067167997360229e-02
1.596238911151885986e-01 1.218782141804695129e-01 1.349876374006271362e-01 8.984075486660003662e-02 8.604581654071807861e-02 9.633448719978332520e-02 1.400956213474273682e-01 1.420477330684661865e-01 2.914587408304214478e-02
1.257846504449844360e-01 1.296883225440979004e-01 1.314890533685684204e-01 1.239412873983383179e-01 1.181714311242103577e-01 1.074559837579727173e-01 1.035594940185546875e-01 1.224967464804649353e-01 3.741300478577613831e-02
1.781685948371887207e-01 1.451102942228317261e-01 1.619704067707061768e-01 1.468271464109420776e-01 7.119525969028472900e-02 7.626706361770629883e-02 9.870234876871109009e-02 9.881018847227096558e-02 2.294872701168060303e-02
1.359726339578628540e-01 1.060749739408493042e-01 1.318079233169555664e-01 1.018206328153610229e-01 9.630471467971801758e-02 1.088385209441184998e-01 1.495330035686492920e-01 1.412944048643112183e-01 2.835317514836788177e-02
1.112983524799346924e-01 1.873580962419509888e-01 1.932582855224609375e-01 5.021175369620323181e-02 5.428074300289154053e-02 6.852375715970993042e-02 1.036472097039222717e-01 1.162634938955307007e-01 1.151582822203636169e-01
2.347776740789413452e-01 1.664091944694519043e-01 1.642086654901504517e-01 4.601255431771278381e-02 4.781247302889823914e-02 6.029796972870826721e-02 9.973255544900894165e-02 1.073956564068794250e-01 7.335320860147476196e-02
2.721238136291503906e-01 2.730316817760467529e-01 4.322070628404617310e-02 4.251187667250633240e-02 4.491685703396797180e-02 5.416768044233322144e-02 9.518923610448837280e-02 1.044586971402168274e-01 7.037947326898574829e-02
3.553810715675354004e-01 7.813318818807601929e-02 7.378932088613510132e-02 7.177792489528656006e-02 7.274004817008972168e-02 8.016087859869003296e-02 1.068806052207946777e-01 1.153458505868911743e-01 4.579108208417892456e-02
1.559984385967254639e-01 1.427727937698364258e-01 1.737337112426757812e-01 1.791120767593383789e-01 5.990080907940864563e-02 6.618516147136688232e-02 9.189265221357345581e-02 9.491823613643646240e-02 3.548613935708999634e-02
